1	2	3	4	5
2	6	7	8	9	10
3	11	12	13	14	15
4	16	17	18	19	20
5	21	22	23	24	25
6	1	2	3	4	5
7	6	8	9	10
8	11	12	13	14	15
9	16	17	18	19	20
10	21	22	23	24	25
11	1	2	3	4	5
12	6	7	8	9	10
13	11	12	14	15
14	16	17	18	19	20
15	21	22	23	24	25
16	1	2	3	4	5
17	6	7	8	9	10
18	11	12	13	14	15
19	16	17	18	20
20	21	22	23	24	25
21	1	2	3	4	5
22	6	7	8	9	10
23	11	12	13	14	15
24	16	17	18	19	20
25	21	22	23	24