1	2	3	4	5	6	7	8
2	9	10	11	12	13	14	15	16
3	17	18	19	20	21	22	23	24
4	25	26	27	28	29	30	31	32
5	33	34	35	36	37	38	39	40
6	41	42	43	44	45	46	47	48
7	49	50	51	52	53	54	55	56
8	57	58	59	60	61	62	63	64
9	1	2	3	4	5	6	7	8
10	9	11	12	13	14	15	16
11	17	18	19	20	21	22	23	24
12	25	26	27	28	29	30	31	32
13	33	34	35	36	37	38	39	40
14	41	42	43	44	45	46	47	48
15	49	50	51	52	53	54	55	56
16	57	58	59	60	61	62	63	64
17	1	2	3	4	5	6	7	8
18	9	10	11	12	13	14	15	16
19	17	18	20	21	22	23	24
20	25	26	27	28	29	30	31	32
21	33	34	35	36	37	38	39	40
22	41	42	43	44	45	46	47	48
23	49	50	51	52	53	54	55	56
24	57	58	59	60	61	62	63	64
25	1	2	3	4	5	6	7	8
26	9	10	11	12	13	14	15	16
27	17	18	19	20	21	22	23	24
28	25	26	27	29	30	31	32
29	33	34	35	36	37	38	39	40
30	41	42	43	44	45	46	47	48
31	49	50	51	52	53	54	55	56
32	57	58	59	60	61	62	63	64
33	1	2	3	4	5	6	7	8
34	9	10	11	12	13	14	15	16
35	17	18	19	20	21	22	23	24
36	25	26	27	28	29	30	31	32
37	33	34	35	36	38	39	40
38	41	42	43	44	45	46	47	48
39	49	50	51	52	53	54	55	56
40	57	58	59	60	61	62	63	64
41	1	2	3	4	5	6	7	8
42	9	10	11	12	13	14	15	16
43	17	18	19	20	21	22	23	24
44	25	26	27	28	29	30	31	32
45	33	34	35	36	37	38	39	40
46	41	42	43	44	45	47	48
47	49	50	51	52	53	54	55	56
48	57	58	59	60	61	62	63	64
49	1	2	3	4	5	6	7	8
50	9	10	11	12	13	14	15	16
51	17	18	19	20	21	22	23	24
52	25	26	27	28	29	30	31	32
53	33	34	35	36	37	38	39	40
54	41	42	43	44	45	46	47	48
55	49	50	51	52	53	54	56
56	57	58	59	60	61	62	63	64
57	1	2	3	4	5	6	7	8
58	9	10	11	12	13	14	15	16
59	17	18	19	20	21	22	23	24
60	25	26	27	28	29	30	31	32
61	33	34	35	36	37	38	39	40
62	41	42	43	44	45	46	47	48
63	49	50	51	52	53	54	55	56
64	57	58	59	60	61	62	63