1	2	3	4	5	6	7
2	8	9	10	11	12	13	14
3	15	16	17	18	19	20	21
4	22	23	24	25	26	27	28
5	29	30	31	32	33	34	35
6	36	37	38	39	40	41	42
7	43	44	45	46	47	48	49
8	1	2	3	4	5	6	7
9	8	10	11	12	13	14
10	15	16	17	18	19	20	21
11	22	23	24	25	26	27	28
12	29	30	31	32	33	34	35
13	36	37	38	39	40	41	42
14	43	44	45	46	47	48	49
15	1	2	3	4	5	6	7
16	8	9	10	11	12	13	14
17	15	16	18	19	20	21
18	22	23	24	25	26	27	28
19	29	30	31	32	33	34	35
20	36	37	38	39	40	41	42
21	43	44	45	46	47	48	49
22	1	2	3	4	5	6	7
23	8	9	10	11	12	13	14
24	15	16	17	18	19	20	21
25	22	23	24	26	27	28
26	29	30	31	32	33	34	35
27	36	37	38	39	40	41	42
28	43	44	45	46	47	48	49
29	1	2	3	4	5	6	7
30	8	9	10	11	12	13	14
31	15	16	17	18	19	20	21
32	22	23	24	25	26	27	28
33	29	30	31	32	34	35
34	36	37	38	39	40	41	42
35	43	44	45	46	47	48	49
36	1	2	3	4	5	6	7
37	8	9	10	11	12	13	14
38	15	16	17	18	19	20	21
39	22	23	24	25	26	27	28
40	29	30	31	32	33	34	35
41	36	37	38	39	40	42
42	43	44	45	46	47	48	49
43	1	2	3	4	5	6	7
44	8	9	10	11	12	13	14
45	15	16	17	18	19	20	21
46	22	23	24	25	26	27	28
47	29	30	31	32	33	34	35
48	36	37	38	39	40	41	42
49	43	44	45	46	47	48