1	2	3	4	5	6	7	8	9	10
2	11	12	13	14	15	16	17	18	19	20
3	21	22	23	24	25	26	27	28	29	30
4	31	32	33	34	35	36	37	38	39	40
5	41	42	43	44	45	46	47	48	49	50
6	51	52	53	54	55	56	57	58	59	60
7	61	62	63	64	65	66	67	68	69	70
8	71	72	73	74	75	76	77	78	79	80
9	81	82	83	84	85	86	87	88	89	90
10	91	92	93	94	95	96	97	98	99	100
11	1	2	3	4	5	6	7	8	9	10
12	11	13	14	15	16	17	18	19	20
13	21	22	23	24	25	26	27	28	29	30
14	31	32	33	34	35	36	37	38	39	40
15	41	42	43	44	45	46	47	48	49	50
16	51	52	53	54	55	56	57	58	59	60
17	61	62	63	64	65	66	67	68	69	70
18	71	72	73	74	75	76	77	78	79	80
19	81	82	83	84	85	86	87	88	89	90
20	91	92	93	94	95	96	97	98	99	100
21	1	2	3	4	5	6	7	8	9	10
22	11	12	13	14	15	16	17	18	19	20
23	21	22	24	25	26	27	28	29	30
24	31	32	33	34	35	36	37	38	39	40
25	41	42	43	44	45	46	47	48	49	50
26	51	52	53	54	55	56	57	58	59	60
27	61	62	63	64	65	66	67	68	69	70
28	71	72	73	74	75	76	77	78	79	80
29	81	82	83	84	85	86	87	88	89	90
30	91	92	93	94	95	96	97	98	99	100
31	1	2	3	4	5	6	7	8	9	10
32	11	12	13	14	15	16	17	18	19	20
33	21	22	23	24	25	26	27	28	29	30
34	31	32	33	35	36	37	38	39	40
35	41	42	43	44	45	46	47	48	49	50
36	51	52	53	54	55	56	57	58	59	60
37	61	62	63	64	65	66	67	68	69	70
38	71	72	73	74	75	76	77	78	79	80
39	81	82	83	84	85	86	87	88	89	90
40	91	92	93	94	95	96	97	98	99	100
41	1	2	3	4	5	6	7	8	9	10
42	11	12	13	14	15	16	17	18	19	20
43	21	22	23	24	25	26	27	28	29	30
44	31	32	33	34	35	36	37	38	39	40
45	41	42	43	44	46	47	48	49	50
46	51	52	53	54	55	56	57	58	59	60
47	61	62	63	64	65	66	67	68	69	70
48	71	72	73	74	75	76	77	78	79	80
49	81	82	83	84	85	86	87	88	89	90
50	91	92	93	94	95	96	97	98	99	100
51	1	2	3	4	5	6	7	8	9	10
52	11	12	13	14	15	16	17	18	19	20
53	21	22	23	24	25	26	27	28	29	30
54	31	32	33	34	35	36	37	38	39	40
55	41	42	43	44	45	46	47	48	49	50
56	51	52	53	54	55	57	58	59	60
57	61	62	63	64	65	66	67	68	69	70
58	71	72	73	74	75	76	77	78	79	80
59	81	82	83	84	85	86	87	88	89	90
60	91	92	93	94	95	96	97	98	99	100
61	1	2	3	4	5	6	7	8	9	10
62	11	12	13	14	15	16	17	18	19	20
63	21	22	23	24	25	26	27	28	29	30
64	31	32	33	34	35	36	37	38	39	40
65	41	42	43	44	45	46	47	48	49	50
66	51	52	53	54	55	56	57	58	59	60
67	61	62	63	64	65	66	68	69	70
68	71	72	73	74	75	76	77	78	79	80
69	81	82	83	84	85	86	87	88	89	90
70	91	92	93	94	95	96	97	98	99	100
71	1	2	3	4	5	6	7	8	9	10
72	11	12	13	14	15	16	17	18	19	20
73	21	22	23	24	25	26	27	28	29	30
74	31	32	33	34	35	36	37	38	39	40
75	41	42	43	44	45	46	47	48	49	50
76	51	52	53	54	55	56	57	58	59	60
77	61	62	63	64	65	66	67	68	69	70
78	71	72	73	74	75	76	77	79	80
79	81	82	83	84	85	86	87	88	89	90
80	91	92	93	94	95	96	97	98	99	100
81	1	2	3	4	5	6	7	8	9	10
82	11	12	13	14	15	16	17	18	19	20
83	21	22	23	24	25	26	27	28	29	30
84	31	32	33	34	35	36	37	38	39	40
85	41	42	43	44	45	46	47	48	49	50
86	51	52	53	54	55	56	57	58	59	60
87	61	62	63	64	65	66	67	68	69	70
88	71	72	73	74	75	76	77	78	79	80
89	81	82	83	84	85	86	87	88	90
90	91	92	93	94	95	96	97	98	99	100
91	1	2	3	4	5	6	7	8	9	10
92	11	12	13	14	15	16	17	18	19	20
93	21	22	23	24	25	26	27	28	29	30
94	31	32	33	34	35	36	37	38	39	40
95	41	42	43	44	45	46	47	48	49	50
96	51	52	53	54	55	56	57	58	59	60
97	61	62	63	64	65	66	67	68	69	70
98	71	72	73	74	75	76	77	78	79	80
99	81	82	83	84	85	86	87	88	89	90
100	91	92	93	94	95	96	97	98	99