1	2	3	4	5	6	7	8	9
2	10	11	12	13	14	15	16	17	18
3	19	20	21	22	23	24	25	26	27
4	28	29	30	31	32	33	34	35	36
5	37	38	39	40	41	42	43	44	45
6	46	47	48	49	50	51	52	53	54
7	55	56	57	58	59	60	61	62	63
8	64	65	66	67	68	69	70	71	72
9	73	74	75	76	77	78	79	80	81
10	1	2	3	4	5	6	7	8	9
11	10	12	13	14	15	16	17	18
12	19	20	21	22	23	24	25	26	27
13	28	29	30	31	32	33	34	35	36
14	37	38	39	40	41	42	43	44	45
15	46	47	48	49	50	51	52	53	54
16	55	56	57	58	59	60	61	62	63
17	64	65	66	67	68	69	70	71	72
18	73	74	75	76	77	78	79	80	81
19	1	2	3	4	5	6	7	8	9
20	10	11	12	13	14	15	16	17	18
21	19	20	22	23	24	25	26	27
22	28	29	30	31	32	33	34	35	36
23	37	38	39	40	41	42	43	44	45
24	46	47	48	49	50	51	52	53	54
25	55	56	57	58	59	60	61	62	63
26	64	65	66	67	68	69	70	71	72
27	73	74	75	76	77	78	79	80	81
28	1	2	3	4	5	6	7	8	9
29	10	11	12	13	14	15	16	17	18
30	19	20	21	22	23	24	25	26	27
31	28	29	30	32	33	34	35	36
32	37	38	39	40	41	42	43	44	45
33	46	47	48	49	50	51	52	53	54
34	55	56	57	58	59	60	61	62	63
35	64	65	66	67	68	69	70	71	72
36	73	74	75	76	77	78	79	80	81
37	1	2	3	4	5	6	7	8	9
38	10	11	12	13	14	15	16	17	18
39	19	20	21	22	23	24	25	26	27
40	28	29	30	31	32	33	34	35	36
41	37	38	39	40	42	43	44	45
42	46	47	48	49	50	51	52	53	54
43	55	56	57	58	59	60	61	62	63
44	64	65	66	67	68	69	70	71	72
45	73	74	75	76	77	78	79	80	81
46	1	2	3	4	5	6	7	8	9
47	10	11	12	13	14	15	16	17	18
48	19	20	21	22	23	24	25	26	27
49	28	29	30	31	32	33	34	35	36
50	37	38	39	40	41	42	43	44	45
51	46	47	48	49	50	52	53	54
52	55	56	57	58	59	60	61	62	63
53	64	65	66	67	68	69	70	71	72
54	73	74	75	76	77	78	79	80	81
55	1	2	3	4	5	6	7	8	9
56	10	11	12	13	14	15	16	17	18
57	19	20	21	22	23	24	25	26	27
58	28	29	30	31	32	33	34	35	36
59	37	38	39	40	41	42	43	44	45
60	46	47	48	49	50	51	52	53	54
61	55	56	57	58	59	60	62	63
62	64	65	66	67	68	69	70	71	72
63	73	74	75	76	77	78	79	80	81
64	1	2	3	4	5	6	7	8	9
65	10	11	12	13	14	15	16	17	18
66	19	20	21	22	23	24	25	26	27
67	28	29	30	31	32	33	34	35	36
68	37	38	39	40	41	42	43	44	45
69	46	47	48	49	50	51	52	53	54
70	55	56	57	58	59	60	61	62	63
71	64	65	66	67	68	69	70	72
72	73	74	75	76	77	78	79	80	81
73	1	2	3	4	5	6	7	8	9
74	10	11	12	13	14	15	16	17	18
75	19	20	21	22	23	24	25	26	27
76	28	29	30	31	32	33	34	35	36
77	37	38	39	40	41	42	43	44	45
78	46	47	48	49	50	51	52	53	54
79	55	56	57	58	59	60	61	62	63
80	64	65	66	67	68	69	70	71	72
81	73	74	75	76	77	78	79	80