1	2	3	4	5	6
2	7	8	9	10	11	12
3	13	14	15	16	17	18
4	19	20	21	22	23	24
5	25	26	27	28	29	30
6	31	32	33	34	35	36
7	1	2	3	4	5	6
8	7	9	10	11	12
9	13	14	15	16	17	18
10	19	20	21	22	23	24
11	25	26	27	28	29	30
12	31	32	33	34	35	36
13	1	2	3	4	5	6
14	7	8	9	10	11	12
15	13	14	16	17	18
16	19	20	21	22	23	24
17	25	26	27	28	29	30
18	31	32	33	34	35	36
19	1	2	3	4	5	6
20	7	8	9	10	11	12
21	13	14	15	16	17	18
22	19	20	21	23	24
23	25	26	27	28	29	30
24	31	32	33	34	35	36
25	1	2	3	4	5	6
26	7	8	9	10	11	12
27	13	14	15	16	17	18
28	19	20	21	22	23	24
29	25	26	27	28	30
30	31	32	33	34	35	36
31	1	2	3	4	5	6
32	7	8	9	10	11	12
33	13	14	15	16	17	18
34	19	20	21	22	23	24
35	25	26	27	28	29	30
36	31	32	33	34	35